0000110110000001110001010101111000001
0000111011000000111000101010111100001
0000111101100000011100010101011110001
0000111110110000001110001010101111001
0000111111011000000111000101010111101
0000011111101100000011100010101011111
0000001111110110000001110001010101111
0000100111111011000000111000101010111
0000010011111101100000011100010101011
0000101001111110110000001110001010101
0000110100111111011000000111000101011
0000111010011111101100000011100010101
0000111101001111110110000001110001011
0000111110100111111011000000111000101
0000111111010011111101100000011100011
0000111111101001111110110000001110001
0000111111110100111111011000000111001
0000111111111010011111101100000011101
0000111111111101001111110110000001111
0000111111111110100111111011000000111
0000011111111111010011111101100000011
0000001111111111101001111110110000001
0000100111111111110100111111011000001
0000010011111111111010011111101100001
0000101001111111111101001111110110001
0000010100111111111110100111111011001
0000101010011111111111010011111101101
0000110101001111111111101001111110111
0000011010100111111111110100111111011
0000001101010011111111111010011111101
0000000110101001111111111101001111111
0000000011010100111111111110100111111
0000000001101010011111111111010011111
0000100000110101001111111111101001111
0000110000011010100111111111110100111
0000011000001101010011111111111010011
0000101100000110101001111111111101001
0000010110000011010100111111111110101
0000001011000001101010011111111111011
0000100101100000110101001111111111101
0000010010110000011010100111111111111
0000001001011000001101010011111111111
0000000100101100000110101001111111111
0000000010010110000011010100111111111
0000100001001011000001101010011111111
0000010000100101100000110101001111111
0000001000010010110000011010100111111
0000100100001001011000001101010011111
0000110010000100101100000110101001111
0000111001000010010110000011010100111
0000011100100001001011000001101010011
0000101110010000100101100000110101001
0000110111001000010010110000011010101
0000011011100100001001011000001101011
0000101101110010000100101100000110101
0000110110111001000010010110000011011
0000011011011100100001001011000001101
0000101101101110010000100101100000111
0000010110110111001000010010110000011
0000001011011011100100001001011000001
0000100101101101110010000100101100001
0000110010110110111001000010010110001
0000011001011011011100100001001011001
0000101100101101101110010000100101101
0000010110010110110111001000010010111
0000101011001011011011100100001001011
0000110101100101101101110010000100101
0000011010110010110110111001000010011
0000001101011001011011011100100001001
0000000110101100101101101110010000101
0000100011010110010110110111001000011
0000110001101011001011011011100100001
0000011000110101100101101101110010001
0000001100011010110010110110111001001
0000100110001101011001011011011100101
0000010011000110101100101101101110011
0000001001100011010110010110110111001
0000100100110001101011001011011011101
0000010010011000110101100101101101111
0000001001001100011010110010110110111
0000000100100110001101011001011011011
0000000010010011000110101100101101101
0000000001001001100011010110010110111
0000000000100100110001101011001011011
0000100000010010011000110101100101101
0000110000001001001100011010110010111
0000111000000100100110001101011001011
0000011100000010010011000110101100101
0000001110000001001001100011010110011
0000100111000000100100110001101011001
0000110011100000010010011000110101101
0000011001110000001001001100011010111
0000001100111000000100100110001101011
0000100110011100000010010011000110101
0000010011001110000001001001100011011
0000001001100111000000100100110001101
0000000100110011100000010010011000111
0000100010011001110000001001001100011
0000010001001100111000000100100110001
