0000110110000001110001010101111000001
0000111011000000111000101010111100001
0000111101100000011100010101011110001
0000111110110000001110001010101111001
0000111111011000000111000101010111101
0000011111101100000011100010101011111
0000001111110110000001110001010101111
0000100111111011000000111000101010111
0000010011111101100000011100010101011
0000101001111110110000001110001010101
0000110100111111011000000111000101011
0000111010011111101100000011100010101
0000111101001111110110000001110001011
0000111110100111111011000000111000101
0000111111010011111101100000011100011
0000111111101001111110110000001110001
0000111111110100111111011000000111001
0000111111111010011111101100000011101
0000111111111101001111110110000001111
