000001001100
000001001000
000001000100
000001000000
000000111100
000000111000
000000110100
000000110000
000000101100
000000101000
000000100100
000000100000
000000011100
000000011000
000000010100
000000010000
000000001100
000000001000
000000000100
000000000000
000000000000
000000000000
000000000000
000000000000
000000000000
000000000000
000000000000
000000000000
000000000000
000000000000
000000000000
000000000000
000000000000
000000000000
000000000000
000000000000
000000000000
000000000000
000000000000
000000000000
000000000000
000000000000
000000000000
000000000000
000000000000
000000000000
000000000000
000000000000
000000000000
000000000000
000000000000
000000000000
000000000000
000000000000
000000000000
000000000000
000000000000
000000000000
000000000000
000000000000
000000000000
000000000000
000000000000
000000000000
000000000000
000000000000
000000000000
000000000000
000000000000
000000000000
000000000000
000000000000
000000000000
000000000000
000000000000
000000000000
000000000000
000000000000
000000000000
000000000000
000000000000
000000000000
000000000000
000000000000
000000000000
000000000000
000000000000
000000000000
000000000000
000000000000
000000000000
000000000000
000000000000
000000000000
000000000000
000000000000
000000000000
000000000000
000000000000
000000000000
000000000000
000000000000
000000000000
000000000000
000000000000
000000000000
000000000000
000000000000
000000000000
000000000000
000000000000
000000000000
000000000000
000000000000
000000000000
000000000000
000000000000
000000000000
000000000000
000000000000
000000000000
000000000000
000000000000
000000000000
000000000000
000000000000
000000000000
000000000000
000000000000
000000000000
000000000000
000000000000
000000000000
000000000000
000000000000
000000000000
000000000000
000000000000
000000000000
000000000000
000000000000
000000000000
000000000000
000000000000
000000000000
000000000000
000000000000
000000000000
000000000000
000000000000
000000000000
000000000000
000000000000
000000000000
000000000000
000000000000
000000000000
000000000000
000000000000
000000000000
000000000000
000000000000
000000000000
000000000000
000000000000
000000000000
000000000000
000000000000
000000000000
000000000000
000000000000
000000000000
000000000000
000000000000
000000000000
000000000000
000000000000
000000000000
000000000000
000000000000
000000000000
000000000000
000000000000
000000000000
000000000000
000000000000
000000000000
000000000000
000000000000
000000000000
000000000000
000000000000
000000000000
000000000000
000000000000
000000000000
000000000000
000000000000
000000000000
000000000000
000000000000
000000000000
000000000000
000000000000
000000000000
000000000000
000000000000
000000000000
000000000000
000000000000
000000000000
000000000000
000000000000
000000000000
000000000000
000000000000
000000000000
000000000000
000000000000
000000000000
000000000000
000000000000
000000000000
000000000000
000000000000
000000000000
000000000000
000000000000
000000000000
000000000000
000000000000
000000000000
000000000000
000000000000
000000000000
000000000000
000000000000
000000000000
000000000000
000000000000
000000000000
000000000000
000000000000
000000000000
000000000000
000000000000
000000000000
000000000000
000000000000
000000000000
000000000000
000000000000
000000000000
000000000000
000000000000
000000000000
000000000000
000000000000
000000000000
000000000000
000000000000
000000000000
000000000000
000000000000
000000000000
000000000000
000000000000
000000000000
000000000000
000000000000
000000000000
000000000000
000000000000
000000000000
000000000000
000000000000
000000000000
000000000000
000000000000
000000000000
000000000000
000000000000
000000000000
000000000000
000000000000
000000000000
000000000000
000000000000
000000000000
000000000000
000000000000
000000000000
000000000000
000000000000
000000000000
000000000000
000000000000
000000000000
000000000000
000000000000
000000000000
000000000000
000000000000
000000000000
000000000000
000000000000
000000000000
000000000000
000000000000
000000000000
000000000000
000000000000
000000000000
000000000000
000000000000
000000000000
000000000000
000000000000
000000000000
000000000000
000000000000
000000000000
000000000000
000000000000
000000000000
000000000000
000000000000
000000000000
000000000000
000000000000
000000000000
000000000000
000000000000
000000000000
000000000000
000000000000
000000000000
000000000000
000000000000
000000000000
000000000000
000000000000
000000000000
000000000000
000000000000
000000000000
000000000000
000000000000
000000000000
000000000000
000000000000
000000000000
000000000000
000000000000
000000000000
000000000000
000000000000
000000000000
000000000000
000000000000
000000000000
000000000000
000000000000
000000000000
000000000000
000000000000
000000000000
000000000000
000000000000
000000000000
000000000000
000000000000
000000000000
000000000000
000000000000
000000000000
000000000000
000000000000
000000000000
000000000000
000000000000
000000000000
000000000000
000000000000
000000000000
000000000000
000000000000
000000000000
000000000000
000000000000
000000000000
000000000000
000000000000
000000000000
000000000000
000000000000
000000000000
000000000000
000000000000
000000000000
000000000000
000000000000
000000000000
000000000000
000000000000
000000000000
000000000000
000000000000
000000000000
000000000000
000000000000
000000000000
000000000000
000000000000
000000000000
000000000000
000000000000
000000000000
000000000000
000000000000
000000000000
000000000000
000000000000
000000000000
000000000000
000000000000
000000000000
000000000000
000000000000
000000000000
000000000000
000000000000
000000000000
000000000000
000000000000
000000000000
000000000000
000000000000
000000000000
000000000000
000000000000
000000000000
000000000000
000000000000
000000000000
000000000000
000000000000
000000000000
000000000000
000000000000
000000000000
000000000000
000000000000
000000000000
000000000000
000000000000
000000000000
000000000000
000000000000
000000000000
000000000000
000000000000
000000000000
000000000000
000000000000
000000000000
000000000000
000000000000
000000000000
000000000000
000000000000
000000000000
000000000000
000000000000
000000000000
000000000000
000000000000
000000000000
000000000000
000000000000
000000000000
000000000000
000000000000
000000000000
000000000000
000000000000
000000000000
000000000000
000000000000
000000000000
000000000000
000000000000
000000000000
000000000000
000000000000
000000000000
000000000000
000000000000
000000000000
000000000000
000000000000
000000000000
000000000000
000000000000
000000000000
000000000000
000000000000
000000000000
000000000000
000000000000
000000000000
000000000000
000000000000
000000000000
000000000000
000000000000
000000000000
000000000000
000000000000
000000000000
000000000000
000000000000
000000000000
000000000000
000000000000
000000000000
000000000000
000000000000
000000000000
000000000000
000000000000
000000000000
000000000000
000000000000
000000000000
000000000000
000000000000
000000000000
000000000000
000000000000
000000000000
000000000000
000000000000
000000000000
000000000000
000000000000
000000000110
000000001010
000000001110
000000010010
000000010110
000000011010
000000011110
000000100010
000000100110
000000101010
000000101110
000000110010
000000110110
000000111010
000000111110
000001000010
000001000110
000001001010
000001001110
000001010010
000001010110
000001011010
000001011110
000001100010
000001100110
000001101010
000001101110
000001110010
000001110110
000001111010
000001111110
000010000010
000010000110
000010001010
000010001110
000010010010
000010010110
000010011010
000010011110
000010100010
000010100110
000010101010
000010101110
000010110010
000010110110
000010111010
000010111110
000011000010
000011000110
000011001010
000011001110
000011010010
000011010110
000011011010
000011011110
000011100010
000011100110
000011101010
000011101110
000011110010
000011110110
000011111010
000011111110
000100000010
000100000110
000100001010
000100001110
000100010010
000100010110
000100011010
000100011110
000100100010
000100100110
000100101010
000100101110
000100110010
000100110110
000100111010
000100111110
000101000010
000101000110
000101001010
000101001110
000101010010
000101010110
000101011010
000101011110
000101100010
000101100110
000101101010
000101101110
000101110010
000101110110
000101111010
000101111110
000110000010
000110000110
000110001010
000110001110
000110010010
000110010110
000110011010
000110011110
000110100010
000110100110
000110101010
000110101110
000110110010
000110110110
000110111010
000110111110
000111000010
000111000110
000111001010
000111001110
000111010010
000111010110
000111011010
000111011110
000111100010
000111100110
000111101010
000111101110
000111110010
000111110110
000111111010
000111111110
001000000010
001000000110
001000001010
001000001110
001000010010
001000010110
001000011010
001000011110
001000100010
001000100110
001000101010
001000101110
001000110010
001000110110
001000111010
001000111110
001001000010
001001000110
001001001010
001001001110
001001010010
001001010110
001001011010
001001011110
001001100010
001001100110
001001101010
001001101110
001001110010
001001110110
001001111010
001001111110
001010000010
001010000110
001010001010
001010001110
001010010010
001010010110
001010011010
001010011110
001010100010
001010100110
001010101010
001010101110
001010110010
001010110110
001010111010
001010111110
001011000010
001011000110
001011001010
001011001110
001011010010
001011010110
001011011010
001011011110
001011100010
001011100110
001011101010
001011101110
001011110010
001011110110
001011111010
001011111110
001100000010
001100000110
001100001010
001100001110
001100010010
001100010110
001100011010
001100011110
001100100010
001100100110
001100101010
001100101110
001100110010
001100110110
001100111010
001100111110
001101000010
001101000110
001101001010
001101001110
001101010010
001101010110
001101011010
001101011110
001101100010
001101100110
001101101010
001101101110
001101110010
001101101100
001101101000
001101100100
001101100000
001101011100
001101011000
001101010100
001101010000
001101001100
001101001000
001101000100
001101000000
001100111100
001100111000
001100110100
001100110000
001100101100
001100101000
001100100100
001100100000
001100011100
001100011000
001100010100
001100010000
001100001100
001100001000
001100000100
001100000000
001011111100
001011111000
001011110100
001011110000
001011101100
001011101000
001011100100
001011100000
001011011100
001011011000
001011010100
001011010000
001011001100
001011001000
001011000100
001011000000
001010111100
001010111000
001010110100
001010110000
001010101100
001010101000
001010100100
001010100000
001010011100
001010011000
001010010100
001010010000
001010001100
001010001000
001010000100
001010000000
001001111100
001001111000
001001110100
001001110000
001001101100
001001101000
001001100100
001001100000
001001011100
001001011000
001001010100
001001010000
001001001100
001001001000
001001000100
001001000000
001000111100
001000111000
001000110100
001000110000
001000101100
001000101000
001000100100
001000100000
001000011100
001000011000
001000010100
001000010000
001000001100
001000001000
001000000100
001000000000
000111111100
000111111000
000111110100
000111110000
000111101100
000111101000
000111100100
000111100000
000111011100
000111011000
000111010100
000111010000
000111001100
000111001000
000111000100
000111000000
000110111100
000110111000
000110110100
000110110000
000110101100
000110101000
000110100100
000110100000
000110011100
000110011000
000110010100
000110010000
000110001100
000110001000
000110000100
000110000000
000101111100
000101111000
000101110100
000101110000
000101101100
000101101000
000101100100
000101100000
000101011100
000101011000
000101010100
000101010000
000101001100
000101001000
000101000100
000101000000
000100111100
000100111000
000100110100
000100110000
000100101100
000100101000
000100100100
000100100000
000100011100
000100011000
000100010100
000100010000
000100001100
000100001000
000100000100
000100000000
000011111100
000011111000
000011110100
000011110000
000011101100
000011101000
000011100100
000011100000
000011011100
000011011000
000011010100
000011010000
000011001100
000011001000
000011000100
000011000000
000010111100
000010111000
000010110100
000010110000
000010101100
000010101000
000010100100
000010100000
000010011100
000010011000
000010010100
000010010000
000010001100
000010001000
000010000100
000010000000
000001111100
000001111000
000001110100
000001110000
000001101100
000001101000
000001100100
000001100000
000001011100
000001011000
000001010100
000001010000
000001001100
000001001000
000001000100
000001000000
000000111100
000000111000
000000110100
000000110000
000000101100
000000101000
000000100100
000000100000
000000011100
000000011000
000000010100
000000010000
000000001100
000000001000
000000000100
000000000000
000000000000
000000000000
000000000000
000000000000
000000000000
000000000000
000000000000
000000000000
000000000000
000000000000
000000000000
000000000000
000000000000
000000000000
