10101100111000011
11010110011100001
11101011001110001
01110101100111001
10111010110011101
11011101011001111
11101110101100111
11110111010110011
01111011101011001
00111101110101101
10011110111010111
11001111011101011
01100111101110101
00110011110111011
00011001111011101
10001100111101111
01000110011110111
10100011001111011
01010001100111101
10101000110011111
01010100011001111
00101010001100111
10010101000110011
11001010100011001
11100101010001101
11110010101000111
11111001010100011
11111100101010001
01111110010101001
10111111001010101
01011111100101011
00101111110010101
00010111111001011
00001011111100101
00000101111110011
10000010111111001
11000001011111101
11100000101111111
01110000010111111
00111000001011111
00011100000101111
00001110000010111
10000111000001011
01000011100000101
00100001110000011
10010000111000001
01001000011100001
00100100001110001
00010010000111001
10001001000011101
11000100100001111
01100010010000111
10110001001000011
11011000100100001
01101100010010001
00110110001001001
10011011000100101
01001101100010011
10100110110001001
11010011011000101
01101001101100011
10110100110110001
01011010011011001
10101101001101101
11010110100110111
11101011010011011
01110101101001101
10111010110100111
11011101011010011
11101110101101001
11110111010110101
01111011101011011
00111101110101101
10011110111010111
11001111011101011
01100111101110101
00110011110111011
00011001111011101
10001100111101111
01000110011110111
10100011001111011
01010001100111101
10101000110011111
01010100011001111
00101010001100111
10010101000110011
11001010100011001
11100101010001101
11110010101000111
11111001010100011
11111100101010001
01111110010101001
10111111001010101
01011111100101011
00101111110010101
00010111111001011
00001011111100101
00000101111110011
10000010111111001
